# image: stage_restaurant_small_nums.pgm
image: stage_restaurant_small_nums(400x400).pgm
resolution: 0.050000
# origin: [-100.000000, -100.000000, 0.000000]
origin: [-10.000000, -10.000000, 0.000000]
negate: 0
occupied_thresh: 0.65
free_thresh: 0.196

